0011110000100101011100101111001110101000110001001101101100100100010001111100010110100011011001000110
0111100001001010111001011110011101010001100010011011011001001000100011111000101101000110110010001100
0111000010010101110010111100111010100011000100110110110010010001000111110001011010001101100100011000
0110000100101011100101111001110101000110001001101101100100100010001111100010110100011011001000110000
0100001001010111001011110011101010001100010011011011001001000100011111000101101000110110010001100000
0000010010101110010111100111010100011000100110110110010010001000111110001011010001101100100011000000
0000100101011100101111001110101000110001001101101100100100010001111100010110100011011001000110000000
0001001010111001011110011101010001100010011011011001001000100011111000101101000110110010001100000000
0010010101110010111100111010100011000100110110110010010001000111110001011010001101100100011000000000
0100101011100101111001110101000110001001101101100100100010001111100010110100011011001000110000000000
0001010111001011110011101010001100010011011011001001000100011111000101101000110110010001100000000000
0010101110010111100111010100011000100110110110010010001000111110001011010001101100100011000000000000
0101011100101111001110101000110001001101101100100100010001111100010110100011011001000110000000000000
0010111001011110011101010001100010011011011001001000100011111000101101000110110010001100000000000000
0101110010111100111010100011000100110110110010010001000111110001011010001101100100011000000000000000
0011100101111001110101000110001001101101100100100010001111100010110100011011001000110000000000000000
0111001011110011101010001100010011011011001001000100011111000101101000110110010001100000000000000000
0110010111100111010100011000100110110110010010001000111110001011010001101100100011000000000000000000
0100101111001110101000110001001101101100100100010001111100010110100011011001000110000000000000000000
0001011110011101010001100010011011011001001000100011111000101101000110110010001100000000000000000000
0010111100111010100011000100110110110010010001000111110001011010001101100100011000000000000000000000
0101111001110101000110001001101101100100100010001111100010110100011011001000110000000000000000000000
0011110011101010001100010011011011001001000100011111000101101000110110010001100000000000000000000000
0111100111010100011000100110110110010010001000111110001011010001101100100011000000000000000000000000
0111001110101000110001001101101100100100010001111100010110100011011001000110000000000000000000000000
0110011101010001100010011011011001001000100011111000101101000110110010001100000000000000000000000000
0100111010100011000100110110110010010001000111110001011010001101100100011000000000000000000000000000
0001110101000110001001101101100100100010001111100010110100011011001000110000000000000000000000000000
0011101010001100010011011011001001000100011111000101101000110110010001100000000000000000000000000000
0111010100011000100110110110010010001000111110001011010001101100100011000000000000000000000000000000
0110101000110001001101101100100100010001111100010110100011011001000110000000000000000000000000000000
0101010001100010011011011001001000100011111000101101000110110010001100000000000000000000000000000000
0010100011000100110110110010010001000111110001011010001101100100011000000000000000000000000000000000
0101000110001001101101100100100010001111100010110100011011001000110000000000000000000000000000000000
0010001100010011011011001001000100011111000101101000110110010001100000000000000000000000000000000000
0100011000100110110110010010001000111110001011010001101100100011000000000000000000000000000000000000
0000110001001101101100100100010001111100010110100011011001000110000000000000000000000000000000000000
0001100010011011011001001000100011111000101101000110110010001100000000000000000000000000000000000000
0011000100110110110010010001000111110001011010001101100100011000000000000000000000000000000000000000
0110001001101101100100100010001111100010110100011011001000110000000000000000000000000000000000000000
0100010011011011001001000100011111000101101000110110010001100000000000000000000000000000000000000000
0000100110110110010010001000111110001011010001101100100011000000000000000000000000000000000000000000
0001001101101100100100010001111100010110100011011001000110000000000000000000000000000000000000000000
0010011011011001001000100011111000101101000110110010001100000000000000000000000000000000000000000000
0100110110110010010001000111110001011010001101100100011000000000000000000000000000000000000000000000
0001101101100100100010001111100010110100011011001000110000000000000000000000000000000000000000000000
0011011011001001000100011111000101101000110110010001100000000000000000000000000000000000000000000000
0110110110010010001000111110001011010001101100100011000000000000000000000000000000000000000000000000
0101101100100100010001111100010110100011011001000110000000000000000000000000000000000000000000000000
0011011001001000100011111000101101000110110010001100000000000000000000000000000000000000000000000000
0110110010010001000111110001011010001101100100011000000000000000000000000000000000000000000000000000
0101100100100010001111100010110100011011001000110000000000000000000000000000000000000000000000000000
0011001001000100011111000101101000110110010001100000000000000000000000000000000000000000000000000000
0110010010001000111110001011010001101100100011000000000000000000000000000000000000000000000000000000
0100100100010001111100010110100011011001000110000000000000000000000000000000000000000000000000000000
0001001000100011111000101101000110110010001100000000000000000000000000000000000000000000000000000000
0010010001000111110001011010001101100100011000000000000000000000000000000000000000000000000000000000
0100100010001111100010110100011011001000110000000000000000000000000000000000000000000000000000000000
0001000100011111000101101000110110010001100000000000000000000000000000000000000000000000000000000000
0010001000111110001011010001101100100011000000000000000000000000000000000000000000000000000000000000
0100010001111100010110100011011001000110000000000000000000000000000000000000000000000000000000000000
0000100011111000101101000110110010001100000000000000000000000000000000000000000000000000000000000000
0001000111110001011010001101100100011000000000000000000000000000000000000000000000000000000000000000
0010001111100010110100011011001000110000000000000000000000000000000000000000000000000000000000000000
0100011111000101101000110110010001100000000000000000000000000000000000000000000000000000000000000000
0000111110001011010001101100100011000000000000000000000000000000000000000000000000000000000000000000
0001111100010110100011011001000110000000000000000000000000000000000000000000000000000000000000000000
0011111000101101000110110010001100000000000000000000000000000000000000000000000000000000000000000000
0111110001011010001101100100011000000000000000000000000000000000000000000000000000000000000000000000
0111100010110100011011001000110000000000000000000000000000000000000000000000000000000000000000000000
0111000101101000110110010001100000000000000000000000000000000000000000000000000000000000000000000000
0110001011010001101100100011000000000000000000000000000000000000000000000000000000000000000000000000
0100010110100011011001000110000000000000000000000000000000000000000000000000000000000000000000000000
0000101101000110110010001100000000000000000000000000000000000000000000000000000000000000000000000000
0001011010001101100100011000000000000000000000000000000000000000000000000000000000000000000000000000
0010110100011011001000110000000000000000000000000000000000000000000000000000000000000000000000000000
0101101000110110010001100000000000000000000000000000000000000000000000000000000000000000000000000000
0011010001101100100011000000000000000000000000000000000000000000000000000000000000000000000000000000
0110100011011001000110000000000000000000000000000000000000000000000000000000000000000000000000000000
0101000110110010001100000000000000000000000000000000000000000000000000000000000000000000000000000000
0010001101100100011000000000000000000000000000000000000000000000000000000000000000000000000000000000
0100011011001000110000000000000000000000000000000000000000000000000000000000000000000000000000000000
0000110110010001100000000000000000000000000000000000000000000000000000000000000000000000000000000000
0001101100100011000000000000000000000000000000000000000000000000000000000000000000000000000000000000
0011011001000110000000000000000000000000000000000000000000000000000000000000000000000000000000000000
0110110010001100000000000000000000000000000000000000000000000000000000000000000000000000000000000000
0101100100011000000000000000000000000000000000000000000000000000000000000000000000000000000000000000
0011001000110000000000000000000000000000000000000000000000000000000000000000000000000000000000000000
0110010001100000000000000000000000000000000000000000000000000000000000000000000000000000000000000000
0100100011000000000000000000000000000000000000000000000000000000000000000000000000000000000000000000
0001000110000000000000000000000000000000000000000000000000000000000000000000000000000000000000000000
0010001100000000000000000000000000000000000000000000000000000000000000000000000000000000000000000000
0100011000000000000000000000000000000000000000000000000000000000000000000000000000000000000000000000
0000110000000000000000000000000000000000000000000000000000000000000000000000000000000000000000000000
0001100000000000000000000000000000000000000000000000000000000000000000000000000000000000000000000000
0011000000000000000000000000000000000000000000000000000000000000000000000000000000000000000000000000
0110000000000000000000000000000000000000000000000000000000000000000000000000000000000000000000000000
0100000000000000000000000000000000000000000000000000000000000000000000000000000000000000000000000000
0000000000000000000000000000000000000000000000000000000000000000000000000000000000000000000000000000
0000000000000000000000000000000000000000000000000000000000000000000000000000000000000000000000000000
