0000011101011111000100100010011100011100110010111110110001111111111011010001110000111100001001010001
0000010110110001000000000000010100010100110001100011110001000000001111100001010000100100000000100000
0000001111110000000000000000001000001000110001100010010000000000001000100000100000000000000000000000
0000001000010000000000000000000000000000110001100000000000000000000000000000000000000000000000000000
0000000000000000000000000000000000000000110001100000000000000000000000000000000000000000000000000000
0000000000000000000000000000000000000000110001100000000000000000000000000000000000000000000000000000
0000000000000000000000000000000000000000110001100000000000000000000000000000000000000000000000000000
0000000000000000000000000000000000000000110001100000000000000000000000000000000000000000000000000000
0000000000000000000000000000000000000000110001100000000000000000000000000000000000000000000000000000
0000000000000000000000000000000000000000110001100000000000000000000000000000000000000000000000000000
0000000000000000000000000000000000000000110001100000000000000000000000000000000000000000000000000000
0000000000000000000000000000000000000000110001100000000000000000000000000000000000000000000000000000
0000000000000000000000000000000000000000110001100000000000000000000000000000000000000000000000000000
0000000000000000000000000000000000000000110001100000000000000000000000000000000000000000000000000000
0000000000000000000000000000000000000000110001100000000000000000000000000000000000000000000000000000
0000000000000000000000000000000000000000110001100000000000000000000000000000000000000000000000000000
0000000000000000000000000000000000000000110001100000000000000000000000000000000000000000000000000000
0000000000000000000000000000000000000000110001100000000000000000000000000000000000000000000000000000
0000000000000000000000000000000000000000110001100000000000000000000000000000000000000000000000000000
0000000000000000000000000000000000000000110001100000000000000000000000000000000000000000000000000000
0000000000000000000000000000000000000000110001100000000000000000000000000000000000000000000000000000
0000000000000000000000000000000000000000110001100000000000000000000000000000000000000000000000000000
0000000000000000000000000000000000000000110001100000000000000000000000000000000000000000000000000000
0000000000000000000000000000000000000000110001100000000000000000000000000000000000000000000000000000
0000000000000000000000000000000000000000110001100000000000000000000000000000000000000000000000000000
0000000000000000000000000000000000000000110001100000000000000000000000000000000000000000000000000000
0000000000000000000000000000000000000000110001100000000000000000000000000000000000000000000000000000
0000000000000000000000000000000000000000110001100000000000000000000000000000000000000000000000000000
0000000000000000000000000000000000000000110001100000000000000000000000000000000000000000000000000000
0000000000000000000000000000000000000000110001100000000000000000000000000000000000000000000000000000
0000000000000000000000000000000000000000110001100000000000000000000000000000000000000000000000000000
0000000000000000000000000000000000000000110001100000000000000000000000000000000000000000000000000000
0000000000000000000000000000000000000000110001100000000000000000000000000000000000000000000000000000
0000000000000000000000000000000000000000110001100000000000000000000000000000000000000000000000000000
0000000000000000000000000000000000000000110001100000000000000000000000000000000000000000000000000000
0000000000000000000000000000000000000000110001100000000000000000000000000000000000000000000000000000
0000000000000000000000000000000000000000110001100000000000000000000000000000000000000000000000000000
0000000000000000000000000000000000000000110001100000000000000000000000000000000000000000000000000000
0000000000000000000000000000000000000000110001100000000000000000000000000000000000000000000000000000
0000000000000000000000000000000000000000110001100000000000000000000000000000000000000000000000000000
0000000000000000000000000000000000000000110001100000000000000000000000000000000000000000000000000000
0000000000000000000000000000000000000000110001100000000000000000000000000000000000000000000000000000
0000000000000000000000000000000000000000110001100000000000000000000000000000000000000000000000000000
0000000000000000000000000000000000000000110001100000000000000000000000000000000000000000000000000000
0000000000000000000000000000000000000000110001100000000000000000000000000000000000000000000000000000
0000000000000000000000000000000000000000110001100000000000000000000000000000000000000000000000000000
0000000000000000000000000000000000000000110001100000000000000000000000000000000000000000000000000000
0000000000000000000000000000000000000000110001100000000000000000000000000000000000000000000000000000
0000000000000000000000000000000000000000110001100000000000000000000000000000000000000000000000000000
0000000000000000000000000000000000000000110001100000000000000000000000000000000000000000000000000000
0000000000000000000000000000000000000000110001100000000000000000000000000000000000000000000000000000
0000000000000000000000000000000000000000110001100000000000000000000000000000000000000000000000000000
0000000000000000000000000000000000000000110001100000000000000000000000000000000000000000000000000000
0000000000000000000000000000000000000000110001100000000000000000000000000000000000000000000000000000
0000000000000000000000000000000000000000110001100000000000000000000000000000000000000000000000000000
0000000000000000000000000000000000000000110001100000000000000000000000000000000000000000000000000000
0000000000000000000000000000000000000000110001100000000000000000000000000000000000000000000000000000
0000000000000000000000000000000000000000110001100000000000000000000000000000000000000000000000000000
0000000000000000000000000000000000000000110001100000000000000000000000000000000000000000000000000000
0000000000000000000000000000000000000000110001100000000000000000000000000000000000000000000000000000
0000000000000000000000000000000000000000110001100000000000000000000000000000000000000000000000000000
0000000000000000000000000000000000000000110001100000000000000000000000000000000000000000000000000000
0000000000000000000000000000000000000000110001100000000000000000000000000000000000000000000000000000
0000000000000000000000000000000000000000110001100000000000000000000000000000000000000000000000000000
0000000000000000000000000000000000000000110001100000000000000000000000000000000000000000000000000000
0000000000000000000000000000000000000000110001100000000000000000000000000000000000000000000000000000
0000000000000000000000000000000000000000110001100000000000000000000000000000000000000000000000000000
0000000000000000000000000000000000000000110001100000000000000000000000000000000000000000000000000000
0000000000000000000000000000000000000000110001100000000000000000000000000000000000000000000000000000
0000000000000000000000000000000000000000110001100000000000000000000000000000000000000000000000000000
0000000000000000000000000000000000000000110001100000000000000000000000000000000000000000000000000000
0000000000000000000000000000000000000000110001100000000000000000000000000000000000000000000000000000
0000000000000000000000000000000000000000110001100000000000000000000000000000000000000000000000000000
0000000000000000000000000000000000000000110001100000000000000000000000000000000000000000000000000000
0000000000000000000000000000000000000000110001100000000000000000000000000000000000000000000000000000
0000000000000000000000000000000000000000110001100000000000000000000000000000000000000000000000000000
0000000000000000000000000000000000000000110001100000000000000000000000000000000000000000000000000000
0000000000000000000000000000000000000000110001100000000000000000000000000000000000000000000000000000
0000000000000000000000000000000000000000110001100000000000000000000000000000000000000000000000000000
0000000000000000000000000000000000000000110001100000000000000000000000000000000000000000000000000000
0000000000000000000000000000000000000000110001100000000000000000000000000000000000000000000000000000
0000000000000000000000000000000000000000110001100000000000000000000000000000000000000000000000000000
0000000000000000000000000000000000000000110001100000000000000000000000000000000000000000000000000000
0000000000000000000000000000000000000000110001100000000000000000000000000000000000000000000000000000
0000000000000000000000000000000000000000110001100000000000000000000000000000000000000000000000000000
0000000000000000000000000000000000000000110001100000000000000000000000000000000000000000000000000000
0000000000000000000000000000000000000000110001100000000000000000000000000000000000000000000000000000
0000000000000000000000000000000000000000110001100000000000000000000000000000000000000000000000000000
0000000000000000000000000000000000000000110001100000000000000000000000000000000000000000000000000000
0000000000000000000000000000000000000000110001100000000000000000000000000000000000000000000000000000
0000000000000000000000000000000000000000110001100000000000000000000000000000000000000000000000000000
0000000000000000000000000000000000000000110001100000000000000000000000000000000000000000000000000000
0000000000000000000000000000000000000000110001100000000000000000000000000000000000000000000000000000
0000000000000000000000000000000000000000110001100000000000000000000000000000000000000000000000000000
0000000000000000000000000000000000000000110001100000000000000000000000000000000000000000000000000000
0000000000000000000000000000000000000000110001100000000000000000000000000000000000000000000000000000
0000000000000000000000000000000000000000110001100000000000000000000000000000000000000000000000000000
0000000000000000000000000000000000000000110001100000000000000000000000000000000000000000000000000000
0000000000000000000000000000000000000000110001100000000000000000000000000000000000000000000000000000
0000000000000000000000000000000000000000110001100000000000000000000000000000000000000000000000000000
