1101000000001010010000000110110011110111001100101101101011110010110111000000000100110000010000110101
1110100000000101001000000011011001111011100110010110110101111001011011100000000010011000001000011010
0111010000000010100100000001101100111101110011001011011010111100101101110000000001001100000100001101
1011101000000001010010000000110110011110111001100101101101011110010110111000000000100110000010000110
0101110100000000101001000000011011001111011100110010110110101111001011011100000000010011000001000011
1010111010000000010100100000001101100111101110011001011011010111100101101110000000001001100000100001
1101011101000000001010010000000110110011110111001100101101101011110010110111000000000100110000010000
0110101110100000000101001000000011011001111011100110010110110101111001011011100000000010011000001000
0011010111010000000010100100000001101100111101110011001011011010111100101101110000000001001100000100
0001101011101000000001010010000000110110011110111001100101101101011110010110111000000000100110000010
0000110101110100000000101001000000011011001111011100110010110110101111001011011100000000010011000001
1000011010111010000000010100100000001101100111101110011001011011010111100101101110000000001001100000
0100001101011101000000001010010000000110110011110111001100101101101011110010110111000000000100110000
0010000110101110100000000101001000000011011001111011100110010110110101111001011011100000000010011000
0001000011010111010000000010100100000001101100111101110011001011011010111100101101110000000001001100
0000100001101011101000000001010010000000110110011110111001100101101101011110010110111000000000100110
0000010000110101110100000000101001000000011011001111011100110010110110101111001011011100000000010011
1000001000011010111010000000010100100000001101100111101110011001011011010111100101101110000000001001
1100000100001101011101000000001010010000000110110011110111001100101101101011110010110111000000000100
0110000010000110101110100000000101001000000011011001111011100110010110110101111001011011100000000010
0011000001000011010111010000000010100100000001101100111101110011001011011010111100101101110000000001
1001100000100001101011101000000001010010000000110110011110111001100101101101011110010110111000000000
0100110000010000110101110100000000101001000000011011001111011100110010110110101111001011011100000000
0010011000001000011010111010000000010100100000001101100111101110011001011011010111100101101110000000
0001001100000100001101011101000000001010010000000110110011110111001100101101101011110010110111000000
0000100110000010000110101110100000000101001000000011011001111011100110010110110101111001011011100000
0000010011000001000011010111010000000010100100000001101100111101110011001011011010111100101101110000
0000001001100000100001101011101000000001010010000000110110011110111001100101101101011110010110111000
0000000100110000010000110101110100000000101001000000011011001111011100110010110110101111001011011100
0000000010011000001000011010111010000000010100100000001101100111101110011001011011010111100101101110
0000000001001100000100001101011101000000001010010000000110110011110111001100101101101011110010110111
1000000000100110000010000110101110100000000101001000000011011001111011100110010110110101111001011011
1100000000010011000001000011010111010000000010100100000001101100111101110011001011011010111100101101
1110000000001001100000100001101011101000000001010010000000110110011110111001100101101101011110010110
0111000000000100110000010000110101110100000000101001000000011011001111011100110010110110101111001011
1011100000000010011000001000011010111010000000010100100000001101100111101110011001011011010111100101
1101110000000001001100000100001101011101000000001010010000000110110011110111001100101101101011110010
0110111000000000100110000010000110101110100000000101001000000011011001111011100110010110110101111001
1011011100000000010011000001000011010111010000000010100100000001101100111101110011001011011010111100
0101101110000000001001100000100001101011101000000001010010000000110110011110111001100101101101011110
0010110111000000000100110000010000110101110100000000101001000000011011001111011100110010110110101111
1001011011100000000010011000001000011010111010000000010100100000001101100111101110011001011011010111
1100101101110000000001001100000100001101011101000000001010010000000110110011110111001100101101101011
1110010110111000000000100110000010000110101110100000000101001000000011011001111011100110010110110101
1111001011011100000000010011000001000011010111010000000010100100000001101100111101110011001011011010
0111100101101110000000001001100000100001101011101000000001010010000000110110011110111001100101101101
1011110010110111000000000100110000010000110101110100000000101001000000011011001111011100110010110110
0101111001011011100000000010011000001000011010111010000000010100100000001101100111101110011001011011
1010111100101101110000000001001100000100001101011101000000001010010000000110110011110111001100101101
1101011110010110111000000000100110000010000110101110100000000101001000000011011001111011100110010110
0110101111001011011100000000010011000001000011010111010000000010100100000001101100111101110011001011
1011010111100101101110000000001001100000100001101011101000000001010010000000110110011110111001100101
1101101011110010110111000000000100110000010000110101110100000000101001000000011011001111011100110010
0110110101111001011011100000000010011000001000011010111010000000010100100000001101100111101110011001
1011011010111100101101110000000001001100000100001101011101000000001010010000000110110011110111001100
0101101101011110010110111000000000100110000010000110101110100000000101001000000011011001111011100110
0010110110101111001011011100000000010011000001000011010111010000000010100100000001101100111101110011
1001011011010111100101101110000000001001100000100001101011101000000001010010000000110110011110111001
1100101101101011110010110111000000000100110000010000110101110100000000101001000000011011001111011100
0110010110110101111001011011100000000010011000001000011010111010000000010100100000001101100111101110
0011001011011010111100101101110000000001001100000100001101011101000000001010010000000110110011110111
1001100101101101011110010110111000000000100110000010000110101110100000000101001000000011011001111011
1100110010110110101111001011011100000000010011000001000011010111010000000010100100000001101100111101
1110011001011011010111100101101110000000001001100000100001101011101000000001010010000000110110011110
0111001100101101101011110010110111000000000100110000010000110101110100000000101001000000011011001111
1011100110010110110101111001011011100000000010011000001000011010111010000000010100100000001101100111
1101110011001011011010111100101101110000000001001100000100001101011101000000001010010000000110110011
1110111001100101101101011110010110111000000000100110000010000110101110100000000101001000000011011001
1111011100110010110110101111001011011100000000010011000001000011010111010000000010100100000001101100
0111101110011001011011010111100101101110000000001001100000100001101011101000000001010010000000110110
0011110111001100101101101011110010110111000000000100110000010000110101110100000000101001000000011011
1001111011100110010110110101111001011011100000000010011000001000011010111010000000010100100000001101
1100111101110011001011011010111100101101110000000001001100000100001101011101000000001010010000000110
0110011110111001100101101101011110010110111000000000100110000010000110101110100000000101001000000011
1011001111011100110010110110101111001011011100000000010011000001000011010111010000000010100100000001
1101100111101110011001011011010111100101101110000000001001100000100001101011101000000001010010000000
0110110011110111001100101101101011110010110111000000000100110000010000110101110100000000101001000000
0011011001111011100110010110110101111001011011100000000010011000001000011010111010000000010100100000
0001101100111101110011001011011010111100101101110000000001001100000100001101011101000000001010010000
0000110110011110111001100101101101011110010110111000000000100110000010000110101110100000000101001000
0000011011001111011100110010110110101111001011011100000000010011000001000011010111010000000010100100
0000001101100111101110011001011011010111100101101110000000001001100000100001101011101000000001010010
0000000110110011110111001100101101101011110010110111000000000100110000010000110101110100000000101001
1000000011011001111011100110010110110101111001011011100000000010011000001000011010111010000000010100
0100000001101100111101110011001011011010111100101101110000000001001100000100001101011101000000001010
0010000000110110011110111001100101101101011110010110111000000000100110000010000110101110100000000101
1001000000011011001111011100110010110110101111001011011100000000010011000001000011010111010000000010
0100100000001101100111101110011001011011010111100101101110000000001001100000100001101011101000000001
1010010000000110110011110111001100101101101011110010110111000000000100110000010000110101110100000000
0101001000000011011001111011100110010110110101111001011011100000000010011000001000011010111010000000
0010100100000001101100111101110011001011011010111100101101110000000001001100000100001101011101000000
0001010010000000110110011110111001100101101101011110010110111000000000100110000010000110101110100000
0000101001000000011011001111011100110010110110101111001011011100000000010011000001000011010111010000
0000010100100000001101100111101110011001011011010111100101101110000000001001100000100001101011101000
0000001010010000000110110011110111001100101101101011110010110111000000000100110000010000110101110100
0000000101001000000011011001111011100110010110110101111001011011100000000010011000001000011010111010
0000000010100100000001101100111101110011001011011010111100101101110000000001001100000100001101011101
1000000001010010000000110110011110111001100101101101011110010110111000000000100110000010000110101110
0100000000101001000000011011001111011100110010110110101111001011011100000000010011000001000011010111
1010000000010100100000001101100111101110011001011011010111100101101110000000001001100000100001101011
